----------+-----------+-------------------------+-------------------------+-------------------------+-------------------------|
Increment | Node    # |       Coordina xx       |       Coordina yy       |          dispx          |          dispy          |
----------+-----------+-------------------------+-------------------------+-------------------------+-------------------------|
1 1 0.000000000000 0.000000000000 0.000000000000 0.000000000000
1 2 5.000000000000 0.000000000000 -0.000210897531 0.000000000000
1 3 10.000000000000 0.000000000000 -0.000512532250 0.000000000000
1 4 15.000000000000 0.000000000000 -0.001106953481 0.000000000000
1 5 0.000000000000 8.333333015442 0.000000000000 0.002746094018
1 6 5.387325763702 8.536760330200 -0.000309425785 0.002922010142
1 7 10.774651527405 8.740187644958 -0.000676818134 0.003405999159
1 8 16.161977767944 8.943614959717 -0.001173662487 0.004535354674
1 9 0.000000000000 16.666666030884 0.000000000000 0.005482422654
1 10 6.523585796356 16.875572204590 -0.000588542141 0.005747850519
1 11 13.047171592712 17.084480285645 -0.001163160778 0.006536093540
1 12 19.570756912231 17.293386459351 -0.001448395895 0.008243956603
1 13 0.000000000000 25.000000000000 -0.000000000000 0.008158884011
1 14 8.333333015442 24.831632614136 -0.000892364595 0.008359114639
1 15 16.666666030884 24.663265228271 -0.001691952348 0.009138011374
1 16 25.000000000000 24.494897842407 -0.002105057938 0.010426085442
1 17 0.000000000000 33.333332061768 -0.000000000000 0.010710394941
1 18 8.333333015442 33.221088409424 -0.000811171136 0.010840302333
1 19 16.666666030884 33.108844757080 -0.001586080762 0.011193050072
1 20 25.000000000000 32.996597290039 -0.002120001009 0.011269578710
1 21 0.000000000000 41.666667938232 0.000000000000 0.013015968725
1 22 8.333333015442 41.610542297363 -0.000480614603 0.013070708141
1 23 16.666666030884 41.554420471191 -0.000919234823 0.013196418062
1 24 25.000000000000 41.498298645020 -0.001477071899 0.012785146013
1 25 0.000000000000 50.000000000000 0.000000000000 0.014999999665
1 26 8.333333015442 50.000000000000 0.000000000000 0.014999999665
1 27 16.666666030884 50.000000000000 0.000000000000 0.014999999665
1 28 25.000000000000 50.000000000000 0.000000000000 0.014999999665
2 1 0.000000000000 0.000000000000 0.000000000000 0.000000000000
2 2 5.000000000000 0.000000000000 -0.000350822665 0.000000000000
2 3 10.000000000000 0.000000000000 -0.000984925311 0.000000000000
2 4 15.000000000000 0.000000000000 -0.002698855475 0.000000000000
2 5 0.000000000000 8.333333015442 0.000000000000 0.005577883683
2 6 5.387325763702 8.536760330200 -0.000605342560 0.005994575564
2 7 10.774651527405 8.740187644958 -0.001317362185 0.007299251854
2 8 16.161977767944 8.943614959717 -0.002361766528 0.009897981770
2 9 0.000000000000 16.666666030884 0.000000000000 0.011133694090
2 10 6.523585796356 16.875572204590 -0.001240773359 0.011748709716
2 11 13.047171592712 17.084480285645 -0.002409301000 0.013492413796
2 12 19.570756912231 17.293386459351 -0.002924795495 0.016859937459
2 13 0.000000000000 25.000000000000 -0.000000000000 0.016511717811
2 14 8.333333015442 24.831632614136 -0.001815605676 0.016962561756
2 15 16.666666030884 24.663265228271 -0.003385172924 0.018556298688
2 16 25.000000000000 24.494897842407 -0.004187993240 0.021054243669
2 17 0.000000000000 33.333332061768 0.000000000000 0.021573303267
2 18 8.333333015442 33.221088409424 -0.001617331291 0.021842045709
2 19 16.666666030884 33.108844757080 -0.003144687042 0.022552249953
2 20 25.000000000000 32.996597290039 -0.004186581355 0.022693691775
2 21 0.000000000000 41.666667938232 0.000000000000 0.026109214872
2 22 8.333333015442 41.610542297363 -0.000951853173 0.026219600812
2 23 16.666666030884 41.554420471191 -0.001814807067 0.026469565928
2 24 25.000000000000 41.498298645020 -0.002907912247 0.025656489655
2 25 0.000000000000 50.000000000000 0.000000000000 0.029999999329
2 26 8.333333015442 50.000000000000 0.000000000000 0.029999999329
2 27 16.666666030884 50.000000000000 0.000000000000 0.029999999329
2 28 25.000000000000 50.000000000000 0.000000000000 0.029999999329
3 1 0.000000000000 0.000000000000 -0.000000000000 0.000000000000
3 2 5.000000000000 0.000000000000 -0.004888724536 0.000000000000
3 3 10.000000000000 0.000000000000 -0.010646779090 0.000000000000
3 4 15.000000000000 0.000000000000 -0.017996890470 0.000000000000
3 5 0.000000000000 8.333333015442 0.000000000000 0.019492767751
3 6 5.387325763702 8.536760330200 -0.003183970228 0.020420454443
3 7 10.774651527405 8.740187644958 -0.006612157915 0.022255204618
3 8 16.161977767944 8.943614959717 -0.010849048384 0.024494443089
3 9 0.000000000000 16.666666030884 -0.000000000000 0.030560856685
3 10 6.523585796356 16.875572204590 -0.002354257740 0.031434733421
3 11 13.047171592712 17.084480285645 -0.004177114461 0.033355012536
3 12 19.570756912231 17.293386459351 -0.005052226596 0.036801621318
3 13 0.000000000000 25.000000000000 -0.000000000000 0.037433955818
3 14 8.333333015442 24.831632614136 -0.002531482605 0.037687122822
3 15 16.666666030884 24.663265228271 -0.004550462123 0.039091277868
3 16 25.000000000000 24.494897842407 -0.005521275569 0.041420508176
3 17 0.000000000000 33.333332061768 -0.000000000000 0.043119806796
3 18 8.333333015442 33.221088409424 -0.001903902041 0.043283790350
3 19 16.666666030884 33.108844757080 -0.003737965133 0.043781962246
3 20 25.000000000000 32.996597290039 -0.005030356348 0.043593809009
3 21 0.000000000000 41.666667938232 0.000000000000 0.048160832375
3 22 8.333333015442 41.610542297363 -0.001051229774 0.048229753971
3 23 16.666666030884 41.554420471191 -0.002042152220 0.048373766243
3 24 25.000000000000 41.498298645020 -0.003355182474 0.047296088189
3 25 0.000000000000 50.000000000000 -0.000000000000 0.052499998361
3 26 8.333333015442 50.000000000000 0.000000000000 0.052499998361
3 27 16.666666030884 50.000000000000 0.000000000000 0.052499998361
3 28 25.000000000000 50.000000000000 0.000000000000 0.052499998361
4 1 0.000000000000 0.000000000000 -0.000000000000 0.000000000000
4 2 5.000000000000 0.000000000000 -0.012247819453 0.000000000000
4 3 10.000000000000 0.000000000000 -0.025421893224 0.000000000000
4 4 15.000000000000 0.000000000000 -0.040520764887 0.000000000000
4 5 0.000000000000 8.333333015442 0.000000000000 0.040243148804
4 6 5.387325763702 8.536760330200 -0.007721896749 0.041475560516
4 7 10.774651527405 8.740187644958 -0.016184257343 0.043478064239
4 8 16.161977767944 8.943614959717 -0.026122912765 0.045793816447
4 9 0.000000000000 16.666666030884 -0.000000000000 0.060632679611
4 10 6.523585796356 16.875572204590 -0.004209833685 0.061957277358
4 11 13.047171592712 17.084480285645 -0.007170526776 0.064855732024
4 12 19.570756912231 17.293386459351 -0.008539959788 0.068540096283
4 13 0.000000000000 25.000000000000 -0.000000000000 0.070719629526
4 14 8.333333015442 24.831632614136 -0.003740440588 0.070871263742
4 15 16.666666030884 24.663265228271 -0.006611083634 0.071526758373
4 16 25.000000000000 24.494897842407 -0.007712016813 0.073053784668
4 17 0.000000000000 33.333332061768 -0.000000000000 0.076902583241
4 18 8.333333015442 33.221088409424 -0.002273707651 0.076827026904
4 19 16.666666030884 33.108844757080 -0.004412807059 0.076733641326
4 20 25.000000000000 32.996597290039 -0.006005592179 0.075742006302
4 21 0.000000000000 41.666667938232 0.000000000000 0.081944741309
4 22 8.333333015442 41.610542297363 -0.001069320482 0.081899724901
4 23 16.666666030884 41.554420471191 -0.002142679412 0.081755436957
4 24 25.000000000000 41.498298645020 -0.003652442480 0.080263257027
4 25 0.000000000000 50.000000000000 -0.000000000000 0.086249999702
4 26 8.333333015442 50.000000000000 0.000000000000 0.086249999702
4 27 16.666666030884 50.000000000000 0.000000000000 0.086249999702
4 28 25.000000000000 50.000000000000 -0.000000000000 0.086249999702
5 1 0.000000000000 0.000000000000 -0.000000000000 0.000000000000
5 2 5.000000000000 0.000000000000 -0.022126637399 0.000000000000
5 3 10.000000000000 0.000000000000 -0.045489531010 0.000000000000
5 4 15.000000000000 0.000000000000 -0.071542806923 0.000000000000
5 5 0.000000000000 8.333333015442 0.000000000000 0.068428307772
5 6 5.387325763702 8.536760330200 -0.014310872182 0.070274807513
5 7 10.774651527405 8.740187644958 -0.029938282445 0.073210917413
5 8 16.161977767944 8.943614959717 -0.048116005957 0.076602816582
5 9 0.000000000000 16.666666030884 -0.000000000000 0.102866396308
5 10 6.523585796356 16.875572204590 -0.007251781877 0.105102077127
5 11 13.047171592712 17.084480285645 -0.012501804158 0.110020264983
5 12 19.570756912231 17.293386459351 -0.014705797657 0.115471266210
5 13 0.000000000000 25.000000000000 -0.000000000000 0.118619620800
5 14 8.333333015442 24.831632614136 -0.006203406956 0.119051724672
5 15 16.666666030884 24.663265228271 -0.010730324313 0.120065115392
5 16 25.000000000000 24.494897842407 -0.012401350774 0.120542317629
5 17 0.000000000000 33.333332061768 -0.000000000000 0.127621784806
5 18 8.333333015442 33.221088409424 -0.003379389411 0.127369090915
5 19 16.666666030884 33.108844757080 -0.006373469718 0.126328572631
5 20 25.000000000000 32.996597290039 -0.008302315138 0.123665228486
5 21 0.000000000000 41.666667938232 0.000000000000 0.132771521807
5 22 8.333333015442 41.610542297363 -0.001259181765 0.132574096322
5 23 16.666666030884 41.554420471191 -0.002511378378 0.131873890758
5 24 25.000000000000 41.498298645020 -0.004450744018 0.129335656762
5 25 0.000000000000 50.000000000000 -0.000000000000 0.136875003576
5 26 8.333333015442 50.000000000000 0.000000000000 0.136875003576
5 27 16.666666030884 50.000000000000 0.000000000000 0.136875003576
5 28 25.000000000000 50.000000000000 -0.000000000000 0.136875003576
6 1 0.000000000000 0.000000000000 -0.000000000000 0.000000000000
6 2 5.000000000000 0.000000000000 -0.034744884819 0.000000000000
6 3 10.000000000000 0.000000000000 -0.071596793830 0.000000000000
6 4 15.000000000000 0.000000000000 -0.112986013293 0.000000000000
6 5 0.000000000000 8.333333015442 0.000000000000 0.104996941984
6 6 5.387325763702 8.536760330200 -0.023906415328 0.108187988400
6 7 10.774651527405 8.740187644958 -0.049648102373 0.113652214408
6 8 16.161977767944 8.943614959717 -0.078924156725 0.120313465595
6 9 0.000000000000 16.666666030884 -0.000000000000 0.161280602217
6 10 6.523585796356 16.875572204590 -0.013064298779 0.165012404323
6 11 13.047171592712 17.084480285645 -0.022983973846 0.173103183508
6 12 19.570756912231 17.293386459351 -0.028033273295 0.181867375970
6 13 0.000000000000 25.000000000000 -0.000000000000 0.188063129783
6 14 8.333333015442 24.831632614136 -0.010837537237 0.188613012433
6 15 16.666666030884 24.663265228271 -0.018697703257 0.190467655659
6 16 25.000000000000 24.494897842407 -0.021593634039 0.190453752875
6 17 0.000000000000 33.333332061768 -0.000000000000 0.202820613980
6 18 8.333333015442 33.221088409424 -0.005320935044 0.202236130834
6 19 16.666666030884 33.108844757080 -0.010576728731 0.199876219034
6 20 25.000000000000 32.996597290039 -0.013702521101 0.193814143538
6 21 0.000000000000 41.666667938232 0.000000000000 0.208725959063
6 22 8.333333015442 41.610542297363 -0.001647573547 0.208455353975
6 23 16.666666030884 41.554420471191 -0.003318693256 0.207047417760
6 24 25.000000000000 41.498298645020 -0.006610819604 0.202015325427
6 25 0.000000000000 50.000000000000 -0.000000000000 0.212812498212
6 26 8.333333015442 50.000000000000 0.000000000000 0.212812498212
6 27 16.666666030884 50.000000000000 0.000000000000 0.212812498212
6 28 25.000000000000 50.000000000000 -0.000000000000 0.212812498212
7 1 0.000000000000 0.000000000000 -0.000000000000 0.000000000000
7 2 5.000000000000 0.000000000000 -0.049271285534 0.000000000000
7 3 10.000000000000 0.000000000000 -0.102687701583 0.000000000000
7 4 15.000000000000 0.000000000000 -0.164354100823 0.000000000000
7 5 0.000000000000 8.333333015442 0.000000000000 0.148298069835
7 6 5.387325763702 8.536760330200 -0.036405742168 0.154379934072
7 7 10.774651527405 8.740187644958 -0.075361728668 0.165930092335
7 8 16.161977767944 8.943614959717 -0.119308345020 0.180177450180
7 9 0.000000000000 16.666666030884 -0.000000000000 0.235689863563
7 10 6.523585796356 16.875572204590 -0.023718399927 0.242390289903
7 11 13.047171592712 17.084480285645 -0.041900876909 0.257177233696
7 12 19.570756912231 17.293386459351 -0.051335215569 0.273440063000
7 13 0.000000000000 25.000000000000 -0.000000000000 0.283252000809
7 14 8.333333015442 24.831632614136 -0.020983971655 0.284208267927
7 15 16.666666030884 24.663265228271 -0.036345191300 0.287831246853
7 16 25.000000000000 24.494897842407 -0.042634479702 0.288768142462
7 17 0.000000000000 33.333332061768 -0.000000000000 0.311285316944
7 18 8.333333015442 33.221088409424 -0.010775335133 0.309900254011
7 19 16.666666030884 33.108844757080 -0.021646790206 0.305372834206
7 20 25.000000000000 32.996597290039 -0.028198961169 0.293934434652
7 21 0.000000000000 41.666667938232 0.000000000000 0.322314739227
7 22 8.333333015442 41.610542297363 -0.002749589738 0.321980535984
7 23 16.666666030884 41.554420471191 -0.006220228039 0.318744421005
7 24 25.000000000000 41.498298645020 -0.013721198775 0.308070808649
7 25 0.000000000000 50.000000000000 -0.000000000000 0.326718747616
7 26 8.333333015442 50.000000000000 0.000000000000 0.326718747616
7 27 16.666666030884 50.000000000000 0.000000000000 0.326718747616
7 28 25.000000000000 50.000000000000 -0.000000000000 0.326718747616
8 1 0.000000000000 0.000000000000 -0.000000000000 0.000000000000
8 2 5.000000000000 0.000000000000 -0.069108866155 0.000000000000
8 3 10.000000000000 0.000000000000 -0.145586311817 0.000000000000
8 4 15.000000000000 0.000000000000 -0.236167714000 0.000000000000
8 5 0.000000000000 8.333333015442 0.000000000000 0.208303600550
8 6 5.387325763702 8.536760330200 -0.054302312434 0.218967765570
8 7 10.774651527405 8.740187644958 -0.112180560827 0.240474626422
8 8 16.161977767944 8.943614959717 -0.177063435316 0.267286986113
8 9 0.000000000000 16.666666030884 -0.000000000000 0.341715484858
8 10 6.523585796356 16.875572204590 -0.040592800826 0.353069037199
8 11 13.047171592712 17.084480285645 -0.071877598763 0.378445714712
8 12 19.570756912231 17.293386459351 -0.088103353977 0.406731963158
8 13 0.000000000000 25.000000000000 -0.000000000000 0.422474056482
8 14 8.333333015442 24.831632614136 -0.037548158318 0.424032509327
8 15 16.666666030884 24.663265228271 -0.065224170685 0.430129945278
8 16 25.000000000000 24.494897842407 -0.077230907977 0.432788074017
8 17 0.000000000000 33.333332061768 -0.000000000000 0.472409129143
8 18 8.333333015442 33.221088409424 -0.020199963823 0.469408094883
8 19 16.666666030884 33.108844757080 -0.040113575757 0.461068063974
8 20 25.000000000000 32.996597290039 -0.052410680801 0.441723704338
8 21 0.000000000000 41.666667938232 0.000000000000 0.492724537849
8 22 8.333333015442 41.610542297363 -0.004455922637 0.491475462914
8 23 16.666666030884 41.554420471191 -0.011607185006 0.484799116850
8 24 25.000000000000 41.498298645020 -0.026234092191 0.465408861637
8 25 0.000000000000 50.000000000000 -0.000000000000 0.497578114271
8 26 8.333333015442 50.000000000000 0.000000000000 0.497578114271
8 27 16.666666030884 50.000000000000 0.000000000000 0.497578114271
8 28 25.000000000000 50.000000000000 -0.000000000000 0.497578114271
9 1 0.000000000000 0.000000000000 -0.000000000000 0.000000000000
9 2 5.000000000000 0.000000000000 -0.097609609365 0.000000000000
9 3 10.000000000000 0.000000000000 -0.207199037075 0.000000000000
9 4 15.000000000000 0.000000000000 -0.339340597391 0.000000000000
9 5 0.000000000000 8.333333015442 0.000000000000 0.295471340418
9 6 5.387325763702 8.536760330200 -0.080138258636 0.312818139791
9 7 10.774651527405 8.740187644958 -0.165313154459 0.349088132381
9 8 16.161977767944 8.943614959717 -0.260389119387 0.395039200783
9 9 0.000000000000 16.666666030884 -0.000000000000 0.496040940285
9 10 6.523585796356 16.875572204590 -0.065619096160 0.514301836491
9 11 13.047171592712 17.084480285645 -0.116681203246 0.555651068687
9 12 19.570756912231 17.293386459351 -0.143319636583 0.602888107300
9 13 0.000000000000 25.000000000000 -0.000000000000 0.626285374165
9 14 8.333333015442 24.831632614136 -0.062964379787 0.629103958607
9 15 16.666666030884 24.663265228271 -0.109689153731 0.639847338200
9 16 25.000000000000 24.494897842407 -0.130646973848 0.646312415600
9 17 0.000000000000 33.333332061768 -0.000000000000 0.710553526878
9 18 8.333333015442 33.221088409424 -0.035565223545 0.705393493176
9 19 16.666666030884 33.108844757080 -0.069814994931 0.691761314869
9 20 25.000000000000 32.996597290039 -0.091051459312 0.661395609379
9 21 0.000000000000 41.666667938232 0.000000000000 0.746790647507
9 22 8.333333015442 41.610542297363 -0.008120981045 0.743708670139
9 23 16.666666030884 41.554420471191 -0.021572999656 0.732203423977
9 24 25.000000000000 41.498298645020 -0.047584950924 0.699665784836
9 25 0.000000000000 50.000000000000 0.000000000000 0.753867208958
9 26 8.333333015442 50.000000000000 0.000000000000 0.753867208958
9 27 16.666666030884 50.000000000000 0.000000000000 0.753867208958
9 28 25.000000000000 50.000000000000 -0.000000000000 0.753867208958
10 1 0.000000000000 0.000000000000 -0.000000000000 0.000000000000
10 2 5.000000000000 0.000000000000 -0.140749081969 0.000000000000
10 3 10.000000000000 0.000000000000 -0.299700111151 0.000000000000
10 4 15.000000000000 0.000000000000 -0.492732524872 0.000000000000
10 5 0.000000000000 8.333333015442 0.000000000000 0.428610771894
10 6 5.387325763702 8.536760330200 -0.118191190064 0.455421149731
10 7 10.774651527405 8.740187644958 -0.243485078216 0.512560844421
10 8 16.161977767944 8.943614959717 -0.382749825716 0.586169183254
10 9 0.000000000000 16.666666030884 -0.000000000000 0.727793574333
10 10 6.523585796356 16.875572204590 -0.101782120764 0.755977749825
10 11 13.047171592712 17.084480285645 -0.181698948145 0.820454537868
10 12 19.570756912231 17.293386459351 -0.223793849349 0.896027028561
10 13 0.000000000000 25.000000000000 -0.000000000000 0.929924488068
10 14 8.333333015442 24.831632614136 -0.100133121014 0.934695720673
10 15 16.666666030884 24.663265228271 -0.175094008446 0.952840983868
10 16 25.000000000000 24.494897842407 -0.209537535906 0.966324865818
10 17 0.000000000000 33.333332061768 -0.000000000000 1.064740896225
10 18 8.333333015442 33.221088409424 -0.058775905520 1.056873202324
10 19 16.666666030884 33.108844757080 -0.114726759493 1.036418676376
10 20 25.000000000000 32.996597290039 -0.149421676993 0.990958034992
10 21 0.000000000000 41.666667938232 -0.000000000000 1.125620722771
10 22 8.333333015442 41.610542297363 -0.014643084258 1.120542883873
10 23 16.666666030884 41.554420471191 -0.037992235273 1.102383017540
10 24 25.000000000000 41.498298645020 -0.081176064909 1.050845623016
10 25 0.000000000000 50.000000000000 0.000000000000 1.138300776482
10 26 8.333333015442 50.000000000000 0.000000000000 1.138300776482
10 27 16.666666030884 50.000000000000 0.000000000000 1.138300776482
10 28 25.000000000000 50.000000000000 -0.000000000000 1.138300776482
11 1 0.000000000000 0.000000000000 -0.000000000000 0.000000000000
11 2 5.000000000000 0.000000000000 -0.209167003632 0.000000000000
11 3 10.000000000000 0.000000000000 -0.444455802441 0.000000000000
11 4 15.000000000000 0.000000000000 -0.728747427464 0.000000000000
11 5 0.000000000000 8.333333015442 0.000000000000 0.642361521721
11 6 5.387325763702 8.536760330200 -0.175538003445 0.682297527790
11 7 10.774651527405 8.740187644958 -0.360869020224 0.767951428890
11 8 16.161977767944 8.943614959717 -0.565447866917 0.879978179932
11 9 0.000000000000 16.666666030884 -0.000000000000 1.088439345360
11 10 6.523585796356 16.875572204590 -0.152833506465 1.130367398262
11 11 13.047171592712 17.084480285645 -0.273784607649 1.226828813553
11 12 19.570756912231 17.293386459351 -0.338220864534 1.342238545418
11 13 0.000000000000 25.000000000000 -0.000000000000 1.392001867294
11 14 8.333333015442 24.831632614136 -0.151992827654 1.399542570114
11 15 16.666666030884 24.663265228271 -0.266772538424 1.427997112274
11 16 25.000000000000 24.494897842407 -0.320690542459 1.451582789421
11 17 0.000000000000 33.333332061768 -0.000000000000 1.597633600235
11 18 8.333333015442 33.221088409424 -0.091409616172 1.586201786995
11 19 16.666666030884 33.108844757080 -0.177796706557 1.556554675102
11 20 25.000000000000 32.996597290039 -0.231717377901 1.490519285202
11 21 0.000000000000 41.666667938232 -0.000000000000 1.693641304970
11 22 8.333333015442 41.610542297363 -0.024405833334 1.685807108879
11 23 16.666666030884 41.554420471191 -0.061922810972 1.658478021622
11 24 25.000000000000 41.498298645020 -0.129268676043 1.581095218658
11 25 0.000000000000 50.000000000000 0.000000000000 1.714951157570
11 26 8.333333015442 50.000000000000 0.000000000000 1.714951157570
11 27 16.666666030884 50.000000000000 0.000000000000 1.714951157570
11 28 25.000000000000 50.000000000000 0.000000000000 1.714951157570
12 1 0.000000000000 0.000000000000 -0.000000000000 0.000000000000
12 2 5.000000000000 0.000000000000 -0.285696566105 0.000000000000
12 3 10.000000000000 0.000000000000 -0.604105830193 0.000000000000
12 4 15.000000000000 0.000000000000 -0.984327733517 0.000000000000
12 5 0.000000000000 8.333333015442 0.000000000000 0.885940551758
12 6 5.387325763702 8.536760330200 -0.235822096467 0.938352584839
12 7 10.774651527405 8.740187644958 -0.483734995127 1.050412654877
12 8 16.161977767944 8.943614959717 -0.755360364914 1.198511123657
12 9 0.000000000000 16.666666030884 -0.000000000000 1.484447479248
12 10 6.523585796356 16.875572204590 -0.201913014054 1.539294242859
12 11 13.047171592712 17.084480285645 -0.362425506115 1.665556192398
12 12 19.570756912231 17.293386459351 -0.448588877916 1.818316698074
12 13 0.000000000000 25.000000000000 -0.000000000000 1.885334372520
12 14 8.333333015442 24.831632614136 -0.200493991375 1.895261883736
12 15 16.666666030884 24.663265228271 -0.352846026421 1.932871341705
12 16 25.000000000000 24.494897842407 -0.425536274910 1.965330600739
12 17 0.000000000000 33.333332061768 -0.000000000000 2.157038688660
12 18 8.333333015442 33.221088409424 -0.121564626694 2.142324447632
12 19 16.666666030884 33.108844757080 -0.236213535070 2.103986263275
12 20 25.000000000000 32.996597290039 -0.308505892754 2.018512010574
12 21 0.000000000000 41.666667938232 -0.000000000000 2.285508155823
12 22 8.333333015442 41.610542297363 -0.033564262092 2.275150537491
12 23 16.666666030884 41.554420471191 -0.084212146699 2.239356517792
12 24 25.000000000000 41.498298645020 -0.174035102129 2.138372898102
12 25 0.000000000000 50.000000000000 0.000000000000 2.314951181412
12 26 8.333333015442 50.000000000000 0.000000000000 2.314951181412
12 27 16.666666030884 50.000000000000 0.000000000000 2.314951181412
12 28 25.000000000000 50.000000000000 0.000000000000 2.314951181412
13 1 0.000000000000 0.000000000000 0.000000000000 0.000000000000
13 2 5.000000000000 0.000000000000 -0.368099600077 0.000000000000
13 3 10.000000000000 0.000000000000 -0.773827970028 0.000000000000
13 4 15.000000000000 0.000000000000 -1.251540184021 0.000000000000
13 5 0.000000000000 8.333333015442 0.000000000000 1.153974652290
13 6 5.387325763702 8.536760330200 -0.296534508467 1.217623591423
13 7 10.774651527405 8.740187644958 -0.606992304325 1.352683067322
13 8 16.161977767944 8.943614959717 -0.944643378258 1.532730460167
13 9 0.000000000000 16.666666030884 -0.000000000000 1.903789520264
13 10 6.523585796356 16.875572204590 -0.246582359076 1.970132470131
13 11 13.047171592712 17.084480285645 -0.443107128143 2.122573137283
13 12 19.570756912231 17.293386459351 -0.549094200134 2.308124780655
13 13 0.000000000000 25.000000000000 -0.000000000000 2.392796278000
13 14 8.333333015442 24.831632614136 -0.243162646890 2.404627323151
13 15 16.666666030884 24.663265228271 -0.428784906864 2.449678421021
13 16 25.000000000000 24.494897842407 -0.518433809280 2.489064931870
13 17 0.000000000000 33.333332061768 -0.000000000000 2.722304105759
13 18 8.333333015442 33.221088409424 -0.147580698133 2.704661846161
13 19 16.666666030884 33.108844757080 -0.286756992340 2.658444404602
13 20 25.000000000000 32.996597290039 -0.375495463610 2.555536031723
13 21 0.000000000000 41.666667938232 -0.000000000000 2.878615140915
13 22 8.333333015442 41.610542297363 -0.041415844113 2.866032361984
13 23 16.666666030884 41.554420471191 -0.103356085718 2.822883844376
13 24 25.000000000000 41.498298645020 -0.212723344564 2.701571464539
13 25 0.000000000000 50.000000000000 0.000000000000 2.914951086044
13 26 8.333333015442 50.000000000000 0.000000000000 2.914951086044
13 27 16.666666030884 50.000000000000 0.000000000000 2.914951086044
13 28 25.000000000000 50.000000000000 0.000000000000 2.914951086044
14 1 0.000000000000 0.000000000000 0.000000000000 0.000000000000
14 2 5.000000000000 0.000000000000 -0.456868559122 0.000000000000
14 3 10.000000000000 0.000000000000 -0.954588472843 0.000000000000
14 4 15.000000000000 0.000000000000 -1.531886100769 0.000000000000
14 5 0.000000000000 8.333333015442 0.000000000000 1.449809074402
14 6 5.387325763702 8.536760330200 -0.357363104820 1.523348927498
14 7 10.774651527405 8.740187644958 -0.730055868626 1.677772164345
14 8 16.161977767944 8.943614959717 -1.132516980171 1.885361552238
14 9 0.000000000000 16.666666030884 -0.000000000000 2.348660469055
14 10 6.523585796356 16.875572204590 -0.286442071199 2.424966573715
14 11 13.047171592712 17.084480285645 -0.515042722225 2.599721431732
14 12 19.570756912231 17.293386459351 -0.638617694378 2.813136816025
14 13 0.000000000000 25.000000000000 -0.000000000000 2.915521860123
14 14 8.333333015442 24.831632614136 -0.279674500227 2.928723096848
14 15 16.666666030884 24.663265228271 -0.493938237429 2.979412078857
14 16 25.000000000000 24.494897842407 -0.598496615887 3.023664712906
14 17 0.000000000000 33.333332061768 -0.000000000000 3.293962240219
14 18 8.333333015442 33.221088409424 -0.169222876430 3.273714780807
14 19 16.666666030884 33.108844757080 -0.328997790813 3.220463275909
14 20 25.000000000000 32.996597290039 -0.432009339333 3.102180957794
14 21 0.000000000000 41.666667938232 -0.000000000000 3.473096132278
14 22 8.333333015442 41.610542297363 -0.047823905945 3.458633184433
14 23 16.666666030884 41.554420471191 -0.119078606367 3.409267187119
14 24 25.000000000000 41.498298645020 -0.244856014848 3.270919799805
14 25 0.000000000000 50.000000000000 0.000000000000 3.514951229095
14 26 8.333333015442 50.000000000000 0.000000000000 3.514951229095
14 27 16.666666030884 50.000000000000 0.000000000000 3.514951229095
14 28 25.000000000000 50.000000000000 0.000000000000 3.514951229095
15 1 0.000000000000 0.000000000000 0.000000000000 0.000000000000
15 2 5.000000000000 0.000000000000 -0.552258551121 0.000000000000
15 3 10.000000000000 0.000000000000 -1.146890163422 0.000000000000
15 4 15.000000000000 0.000000000000 -1.826185584068 0.000000000000
15 5 0.000000000000 8.333333015442 0.000000000000 1.776401519775
15 6 5.387325763702 8.536760330200 -0.417754203081 1.858362555504
15 7 10.774651527405 8.740187644958 -0.851899862289 2.028281211853
15 8 16.161977767944 8.943614959717 -1.317605018616 2.258792877197
15 9 0.000000000000 16.666666030884 -0.000000000000 2.820302724838
15 10 6.523585796356 16.875572204590 -0.321097761393 2.904937982559
15 11 13.047171592712 17.084480285645 -0.577483475208 3.098019838333
15 12 19.570756912231 17.293386459351 -0.716148436069 3.334178209305
15 13 0.000000000000 25.000000000000 -0.000000000000 3.453808307648
15 14 8.333333015442 24.831632614136 -0.309872955084 3.467871427536
15 15 16.666666030884 24.663265228271 -0.547974705696 3.522413730621
15 16 25.000000000000 24.494897842407 -0.665201067924 3.569527149200
15 17 0.000000000000 33.333332061768 -0.000000000000 3.872048854828
15 18 8.333333015442 33.221088409424 -0.186475262046 3.849547863007
15 19 16.666666030884 33.108844757080 -0.362876027822 3.790127754211
15 20 25.000000000000 32.996597290039 -0.477867841721 3.658604621887
15 21 0.000000000000 41.666667938232 -0.000000000000 4.068976879120
15 22 8.333333015442 41.610542297363 -0.052764546126 4.052988529205
15 23 16.666666030884 41.554420471191 -0.131340771914 3.998530626297
15 24 25.000000000000 41.498298645020 -0.270361900330 3.846434593201
15 25 0.000000000000 50.000000000000 0.000000000000 4.114951133728
15 26 8.333333015442 50.000000000000 0.000000000000 4.114951133728
15 27 16.666666030884 50.000000000000 0.000000000000 4.114951133728
15 28 25.000000000000 50.000000000000 0.000000000000 4.114951133728
16 1 0.000000000000 0.000000000000 0.000000000000 0.000000000000
16 2 5.000000000000 0.000000000000 -0.654307663441 0.000000000000
16 3 10.000000000000 0.000000000000 -1.350837349892 0.000000000000
16 4 15.000000000000 0.000000000000 -2.134698152542 0.000000000000
16 5 0.000000000000 8.333333015442 0.000000000000 2.136340141296
16 6 5.387325763702 8.536760330200 -0.476957947016 2.225127458572
16 7 10.774651527405 8.740187644958 -0.971134841442 2.406481266022
16 8 16.161977767944 8.943614959717 -1.498047232628 2.655134916306
16 9 0.000000000000 16.666666030884 -0.000000000000 3.319138526917
16 10 6.523585796356 16.875572204590 -0.350172221661 3.410410642624
16 11 13.047171592712 17.084480285645 -0.629750549793 3.617784738541
16 12 19.570756912231 17.293386459351 -0.780799031258 3.871551036835
16 13 0.000000000000 25.000000000000 -0.000000000000 4.007328510284
16 14 8.333333015442 24.831632614136 -0.333739042282 4.021787166595
16 15 16.666666030884 24.663265228271 -0.590812444687 4.078542709351
16 16 25.000000000000 24.494897842407 -0.718379914761 4.126740932465
16 17 0.000000000000 33.333332061768 -0.000000000000 4.456284046173
16 18 8.333333015442 33.221088409424 -0.199483051896 4.431876659393
16 19 16.666666030884 33.108844757080 -0.388626158237 4.367235660553
16 20 25.000000000000 32.996597290039 -0.513220369816 4.224740028381
16 21 0.000000000000 41.666667938232 -0.000000000000 4.666193008423
16 22 8.333333015442 41.610542297363 -0.056306034327 4.649019718170
16 23 16.666666030884 41.554420471191 -0.140300020576 4.590571403503
16 24 25.000000000000 41.498298645020 -0.289452701807 4.427904129028
16 25 0.000000000000 50.000000000000 0.000000000000 4.714951038361
16 26 8.333333015442 50.000000000000 0.000000000000 4.714951038361
16 27 16.666666030884 50.000000000000 0.000000000000 4.714951038361
16 28 25.000000000000 50.000000000000 0.000000000000 4.714951038361
17 1 0.000000000000 0.000000000000 0.000000000000 0.000000000000
17 2 5.000000000000 0.000000000000 -0.762704312801 0.000000000000
17 3 10.000000000000 0.000000000000 -1.565889596939 0.000000000000
17 4 15.000000000000 0.000000000000 -2.456795692444 0.000000000000
17 5 0.000000000000 8.333333015442 0.000000000000 2.531322956085
17 6 5.387325763702 8.536760330200 -0.534045755863 2.625248432159
17 7 10.774651527405 8.740187644958 -1.086047649384 2.813891649246
17 8 16.161977767944 8.943614959717 -1.671550869942 3.075900077820
17 9 0.000000000000 16.666666030884 -0.000000000000 3.844412803650
17 10 6.523585796356 16.875572204590 -0.373413383961 3.940628528595
17 11 13.047171592712 17.084480285645 -0.671416819096 4.158385276794
17 12 19.570756912231 17.293386459351 -0.832060933113 4.424837112427
17 13 0.000000000000 25.000000000000 -0.000000000000 4.574999809265
17 14 8.333333015442 24.831632614136 -0.351481109858 4.589474201202
17 15 16.666666030884 24.663265228271 -0.622786581516 4.647054672241
17 16 25.000000000000 24.494897842407 -0.758346796036 4.694922924042
17 17 0.000000000000 33.333332061768 -0.000000000000 5.046034812927
17 18 8.333333015442 33.221088409424 -0.208579316735 5.020093441010
17 19 16.666666030884 33.108844757080 -0.406826615334 4.951227188110
17 20 25.000000000000 32.996597290039 -0.538678407669 4.800086498260
17 21 0.000000000000 41.666667938232 -0.000000000000 5.264598846436
17 22 8.333333015442 41.610542297363 -0.058597698808 5.246538639069
17 23 16.666666030884 41.554420471191 -0.146277144551 5.185151100159
17 24 25.000000000000 41.498298645020 -0.302651762962 5.014893531799
17 25 0.000000000000 50.000000000000 -0.000000000000 5.314950942993
17 26 8.333333015442 50.000000000000 0.000000000000 5.314950942993
17 27 16.666666030884 50.000000000000 0.000000000000 5.314950942993
17 28 25.000000000000 50.000000000000 0.000000000000 5.314950942993
18 1 0.000000000000 0.000000000000 0.000000000000 0.000000000000
18 2 5.000000000000 0.000000000000 -0.876815378666 0.000000000000
18 3 10.000000000000 0.000000000000 -1.790926694870 0.000000000000
18 4 15.000000000000 0.000000000000 -2.791071176529 0.000000000000
18 5 0.000000000000 8.333333015442 -0.000000000000 2.962096452713
18 6 5.387325763702 8.536760330200 -0.588024556637 3.059427022934
18 7 10.774651527405 8.740187644958 -1.194803595543 3.251264095306
18 8 16.161977767944 8.943614959717 -1.835655212402 3.521980285645
18 9 0.000000000000 16.666666030884 -0.000000000000 4.394449234009
18 10 6.523585796356 16.875572204590 -0.390736579895 4.493968009949
18 11 13.047171592712 17.084480285645 -0.702378749847 4.718442440033
18 12 19.570756912231 17.293386459351 -0.869874954224 4.993041992188
18 13 0.000000000000 25.000000000000 -0.000000000000 5.155299663544
18 14 8.333333015442 24.831632614136 -0.363497197628 5.169493675232
18 15 16.666666030884 24.663265228271 -0.644580841064 5.226795196533
18 16 25.000000000000 24.494897842407 -0.785866856575 5.273321628571
18 17 0.000000000000 33.333332061768 -0.000000000000 5.640527248383
18 18 8.333333015442 33.221088409424 -0.214196011424 5.613423347473
18 19 16.666666030884 33.108844757080 -0.418264150620 5.541351318359
18 20 25.000000000000 32.996597290039 -0.555151879787 5.383876800537
18 21 0.000000000000 41.666667938232 -0.000000000000 5.863993644714
18 22 8.333333015442 41.610542297363 -0.059824086726 5.845319271088
18 23 16.666666030884 41.554420471191 -0.149677515030 5.781963348389
18 24 25.000000000000 41.498298645020 -0.310646235943 5.606836795807
18 25 0.000000000000 50.000000000000 -0.000000000000 5.914951324463
18 26 8.333333015442 50.000000000000 0.000000000000 5.914951324463
18 27 16.666666030884 50.000000000000 0.000000000000 5.914951324463
18 28 25.000000000000 50.000000000000 0.000000000000 5.914951324463
19 1 0.000000000000 0.000000000000 0.000000000000 0.000000000000
19 2 5.000000000000 0.000000000000 -0.892792522907 0.000000000000
19 3 10.000000000000 0.000000000000 -1.822414398193 0.000000000000
19 4 15.000000000000 0.000000000000 -2.837794303894 0.000000000000
19 5 0.000000000000 8.333333015442 -0.000000000000 3.024106264114
19 6 5.387325763702 8.536760330200 -0.595428228378 3.121896743774
19 7 10.774651527405 8.740187644958 -1.209732174873 3.314144134521
19 8 16.161977767944 8.943614959717 -1.858186841011 3.586065053940
19 9 0.000000000000 16.666666030884 -0.000000000000 4.472930431366
19 10 6.523585796356 16.875572204590 -0.393039405346 4.572895050049
19 11 13.047171592712 17.084480285645 -0.706486225128 4.798275470734
19 12 19.570756912231 17.293386459351 -0.874873042107 5.073949337006
19 13 0.000000000000 25.000000000000 -0.000000000000 5.237807273865
19 14 8.333333015442 24.831632614136 -0.365079939365 5.251964092255
19 15 16.666666030884 24.663265228271 -0.647447466850 5.309219837189
19 16 25.000000000000 24.494897842407 -0.789485931396 5.355550289154
19 17 0.000000000000 33.333332061768 -0.000000000000 5.724891662598
19 18 8.333333015442 33.221088409424 -0.214924454689 5.697631835938
19 19 16.666666030884 33.108844757080 -0.419749557972 5.625131607056
19 20 25.000000000000 32.996597290039 -0.557298123837 5.466814994812
19 21 0.000000000000 41.666667938232 -0.000000000000 5.948979377747
19 22 8.333333015442 41.610542297363 -0.059977609664 5.930223464966
19 23 16.666666030884 41.554420471191 -0.150109320879 5.866607189178
19 24 25.000000000000 41.498298645020 -0.311673671007 5.690845966339
19 25 0.000000000000 50.000000000000 -0.000000000000 6.000000000000
19 26 8.333333015442 50.000000000000 0.000000000000 6.000000000000
19 27 16.666666030884 50.000000000000 0.000000000000 6.000000000000
19 28 25.000000000000 50.000000000000 0.000000000000 6.000000000000
