   8.6891088486 ,    0.0094999215
   9.5808200836 ,    8.0650157928
   8.0765447617 ,   11.2095003128
   0.0071715657 ,   11.2095003128
   0.0071715657 ,    0.0094999215
  14.3491716385 ,    0.0094999215
   0.4012737274 ,    0.0094999215
   0.7956401706 ,    0.0094999215
   1.1901602745 ,    0.0094999215
   1.5847662687 ,    0.0094999215
   1.9794181585 ,    0.0094999215
   2.3740940094 ,    0.0094999215
   2.7687816620 ,    0.0094999215
   3.1634750366 ,    0.0094999215
   3.5581712723 ,    0.0094999215
   3.9528687000 ,    0.0094999215
   4.3475666046 ,    0.0094999215
   4.7422618866 ,    0.0094999215
   5.1311855316 ,    0.0094999215
   5.5183415413 ,    0.0094999215
   5.9059910774 ,    0.0094999215
   6.2984819412 ,    0.0094999215
   6.6913881302 ,    0.0094999215
   7.0817832947 ,    0.0094999215
   7.4824166298 ,    0.0094999215
   7.8840675354 ,    0.0094999215
   8.2867002487 ,    0.0094999215
   8.7034959793 ,    0.3828381896
   8.7306203842 ,    0.7563262582
   8.7660961151 ,    1.1296322346
   8.8060626984 ,    1.5021235943
   8.8475170135 ,    1.8712651730
   8.8875284195 ,    2.2300438881
   8.9302101135 ,    2.5895738602
   8.9729585648 ,    2.9387950897
   9.0180311203 ,    3.3049569130
   9.0631046295 ,    3.6711187363
   9.1081781387 ,    4.0372805595
   9.1532516479 ,    4.4034423828
   9.1983251572 ,    4.7696046829
   9.2433986664 ,    5.1357665062
   9.2884712219 ,    5.5019283295
   9.3277416229 ,    5.9188442230
   9.3709859848 ,    6.2917218208
   9.4145612717 ,    6.6608300209
   9.4563274384 ,    7.0359230042
   9.4894952774 ,    7.4181408882
   9.5323247910 ,    7.7527065277
   9.2383966446 ,    8.1674461365
   8.8801879883 ,    8.3520050049
   8.5389204025 ,    8.6027879715
   8.2653779984 ,    8.9154071808
   8.0886907578 ,    9.2643108368
   7.9979448318 ,    9.6297359467
   7.9698615074 ,   10.0034646988
   7.9832510948 ,   10.3871250153
   8.0225086212 ,   10.7861518860
   7.6588225365 ,   11.2095003128
   7.2590231895 ,   11.2095003128
   6.8636755943 ,   11.2095003128
   6.4674720764 ,   11.2095003128
   6.0689678192 ,   11.2095003128
   5.6682858467 ,   11.2095003128
   5.2660045624 ,   11.2095003128
   4.8626899719 ,   11.2095003128
   4.4587631226 ,   11.2095003128
   4.0544962883 ,   11.2095003128
   3.6500492096 ,   11.2095003128
   3.2455103397 ,   11.2095003128
   2.8409264088 ,   11.2095003128
   2.4363210201 ,   11.2095003128
   2.0317044258 ,   11.2095003128
   1.6270756721 ,   11.2095003128
   1.2224088907 ,   11.2095003128
   0.8176304698 ,   11.2095003128
   0.4126085043 ,   11.2095003128
   0.0071715657 ,   10.8072319031
   0.0071715657 ,   10.4050550461
   0.0071715657 ,   10.0032310486
   0.0071715657 ,    9.6019105911
   0.0071715657 ,    9.2011327744
   0.0071715657 ,    8.8008842468
   0.0071715657 ,    8.4011888504
   0.0071715657 ,    8.0016241074
   0.0071715657 ,    7.6021480560
   0.0071715657 ,    7.2026824951
   0.0071715657 ,    6.8031826019
   0.0071715657 ,    6.4036374092
   0.0071715657 ,    6.0040535927
   0.0071715657 ,    5.6044425964
   0.0071715657 ,    5.2048134804
   0.0071715657 ,    4.8051738739
   0.0071715657 ,    4.4055290222
   0.0071715657 ,    4.0058813095
   0.0071715657 ,    3.6062316895
   0.0071715657 ,    3.2065811157
   0.0071715657 ,    2.8069305420
   0.0071715657 ,    2.4072797298
   0.0071715657 ,    2.0076286793
   0.0071715657 ,    1.6079782248
   0.0071715657 ,    1.2083318233
   0.0071715657 ,    0.8086965680
   0.0071715657 ,    0.4090823829
  14.3491716385 ,    0.3953126967
  14.3491716385 ,    0.7826601863
  14.3491716385 ,    1.1735926867
  14.3491716385 ,    1.5709969997
  14.3491716385 ,    1.9643983841
  14.3491716385 ,    2.3565306664
  14.3491716385 ,    2.7483520508
  14.3491716385 ,    3.1368896961
  14.3491716385 ,    3.5370569229
  14.3491716385 ,    3.9111008644
  14.3491716385 ,    4.2882204056
  14.3491764069 ,    4.6713109016
  14.3491497040 ,    5.0620059967
  14.3491888046 ,    5.4556384087
  14.3497600555 ,    5.8476715088
  14.3409242630 ,    6.2426190376
  14.2597255707 ,    6.6647868156
  14.0921411514 ,    7.0540781021
  13.8438253403 ,    7.4021039009
  13.5266599655 ,    7.6898374557
  13.1511783600 ,    7.9052863121
  12.7344732285 ,    8.0360050201
  12.3138914108 ,    8.0738115311
  11.9149408340 ,    8.0729694366
  11.5184640884 ,    8.0732707977
  11.1275939941 ,    8.0732936859
  10.7372608185 ,    8.0732660294
  10.3434581757 ,    8.0733404160
   9.9531707764 ,    8.0749902725
   9.0946731567 ,    0.0094999215
   9.5014686584 ,    0.0094999215
   9.9090127945 ,    0.0094999215
  10.3170061111 ,    0.0094999215
  10.7251272202 ,    0.0094999215
  11.1330213547 ,    0.0094999215
  11.5403566360 ,    0.0094999215
  11.9468679428 ,    0.0094999215
  12.3522768021 ,    0.0094999215
  12.7560653687 ,    0.0094999215
  13.1573257446 ,    0.0094999215
  13.5568656921 ,    0.0094999215
  13.9540023804 ,    0.0094999215
   8.2198371887 ,    8.2742471695
   9.1252183914 ,    7.8544530869
   8.6996212006 ,    8.0310459137
   8.2082023621 ,    7.7792224884
   8.1920356750 ,    7.3506770134
   8.1685190201 ,    6.9456896782
   8.1383314133 ,    6.5518579483
   8.1033420563 ,    6.1632995605
   8.0652761459 ,    5.7770333290
   8.0253734589 ,    5.3917722702
   7.9844317436 ,    5.0069475174
   7.9429292679 ,    4.6223120689
   7.9011354446 ,    4.2377710342
   7.8592042923 ,    3.8533143997
   7.8172264099 ,    3.4690034389
   7.7752685547 ,    3.0849413872
   7.7333841324 ,    2.7011482716
   7.6915612221 ,    2.3171291351
   7.6498632431 ,    1.9327403307
   7.6087055206 ,    1.5480031967
   7.5693030357 ,    1.1632239819
   7.5327529907 ,    0.7784394026
   7.5043830872 ,    0.3938400447
   7.6430110931 ,   10.8064441681
   7.6276450157 ,   10.3999195099
   7.6374297142 ,    9.9954538345
   7.6863880157 ,    9.5893793106
   7.7906641960 ,    9.1762380600
   7.9654493332 ,    8.7487602234
   0.4350505471 ,    8.3994112015
   0.8625470996 ,    8.3960571289
   1.2897593975 ,    8.3915538788
   1.7167696953 ,    8.3863458633
   2.1436500549 ,    8.3807754517
   2.5704560280 ,    8.3750495911
   2.9972209930 ,    8.3692646027
   3.4239602089 ,    8.3634634018
   3.8506770134 ,    8.3576679230
   4.2773771286 ,    8.3518981934
   4.7101130486 ,    8.3451318741
   5.1449499130 ,    8.3382558823
   5.5791931152 ,    8.3317451477
   6.0103883743 ,    8.3257522583
   6.4312143326 ,    8.3211431503
   6.8537979126 ,    8.3147010803
   7.2897152901 ,    8.3055553436
   7.7164459229 ,    8.2892808914
   7.9033141136 ,    0.3896779120
   8.3053779602 ,    0.3859322667
   7.9324302673 ,    0.7700594068
   8.3333549500 ,    0.7625380754
   7.9682526588 ,    1.1504184008
   8.3682823181 ,    1.1390883923
   8.0076799393 ,    1.5307393074
   8.4073486328 ,    1.5150972605
   8.0489330292 ,    1.9105021954
   8.4483175278 ,    1.8890911341
   8.0908546448 ,    2.2888278961
   8.4897060394 ,    2.2591171265
   8.1331472397 ,    2.6659843922
   8.5320520401 ,    2.6274747849
   8.1757030487 ,    3.0424604416
   8.5749177933 ,    2.9937186241
   8.2185707092 ,    3.4200434685
   8.6186323166 ,    3.3642721176
   8.2615890503 ,    3.7983641624
   8.6626148224 ,    3.7361943722
   8.3046436310 ,    4.1770448685
   8.7066736221 ,    4.1085863113
   8.3476438522 ,    4.5558929443
   8.7507266998 ,    4.4811544418
   8.3904819489 ,    4.9348478317
   8.7947082520 ,    4.8538084030
   8.4329824448 ,    5.3139467239
   8.8385267258 ,    5.2265481949
   8.4748363495 ,    5.6933512688
   8.8820257187 ,    5.5994491577
   8.5155181885 ,    6.0734415054
   8.9245090485 ,    5.9769649506
   8.5540723801 ,    6.4565582275
   8.9640483856 ,    6.3679165840
   8.5890750885 ,    6.8473496437
   9.0032730103 ,    6.7511801720
   8.6214885712 ,    7.2411527634
   9.0419893265 ,    7.1309041977
   8.6533927917 ,    7.6388149261
   9.0806226730 ,    7.5052156448
   7.2585115433 ,   10.7957935333
   6.8706197739 ,   10.7895965576
   6.4777994156 ,   10.7864217758
   6.0805673599 ,   10.7853012085
   5.6800732613 ,   10.7854900360
   5.2774291039 ,   10.7864608765
   4.8734779358 ,   10.7878665924
   4.4687809944 ,   10.7895021439
   4.0636796951 ,   10.7912540436
   3.6583676338 ,   10.7930631638
   3.2529501915 ,   10.7948970795
   2.8474814892 ,   10.7967424393
   2.4419882298 ,   10.7985935211
   2.0364820957 ,   10.8004465103
   1.6309577227 ,   10.8022861481
   1.2253781557 ,   10.8040475845
   0.8196526170 ,   10.8055610657
   0.4136388600 ,   10.8066091537
   7.2668766975 ,   10.3831272125
   6.8903884888 ,   10.3722677231
   6.5025339127 ,   10.3664617538
   6.1068763733 ,   10.3643331528
   5.7061996460 ,   10.3646183014
   5.3024778366 ,   10.3663711548
   4.8969993591 ,   10.3689594269
   4.4905529022 ,   10.3720006943
   4.0835933685 ,   10.3752746582
   3.6763722897 ,   10.3786640167
   3.2690205574 ,   10.3821086884
   2.8616065979 ,   10.3855791092
   2.4541625977 ,   10.3890609741
   2.0467007160 ,   10.3925437927
   1.6392080784 ,   10.3959932327
   1.2316292524 ,   10.3992633820
   0.8238569498 ,   10.4020366669
   0.4157503247 ,   10.4039363861
   7.2968082428 ,    9.9725551605
   6.9298205376 ,    9.9581718445
   6.5453991890 ,    9.9506216049
   6.1500148773 ,    9.9479198456
   5.7479186058 ,    9.9483890533
   5.3419322968 ,    9.9507913589
   4.9337787628 ,    9.9543085098
   4.5244560242 ,    9.9584388733
   4.1145205498 ,    9.9628915787
   3.7042732239 ,    9.9675083160
   3.2938718796 ,    9.9722042084
   2.8833961487 ,    9.9769382477
   2.4728839397 ,    9.9816894531
   2.0623459816 ,    9.9864416122
   1.6517598629 ,    9.9911317825
   1.2410566807 ,    9.9955415726
   0.8301291466 ,    9.9992389679
   0.4188621640 ,   10.0017471313
   7.3569488525 ,    9.5623855591
   6.9923481941 ,    9.5466232300
   6.6068172455 ,    9.5389003754
   6.2085819244 ,    9.5365266800
   5.8030967712 ,    9.5375041962
   5.3933963776 ,    9.5405254364
   4.9812974930 ,    9.5447454453
   4.5680036545 ,    9.5496273041
   4.1541080475 ,    9.5548620224
   3.7399070263 ,    9.5602788925
   3.3255515099 ,    9.5657882690
   2.9111189842 ,    9.5713415146
   2.4966461658 ,    9.5769147873
   2.0821390152 ,    9.5824851990
   1.6675667763 ,    9.5879631042
   1.2528598309 ,    9.5930690765
   0.8379284739 ,    9.5973119736
   0.4227029681 ,    9.6001777649
   7.4515938759 ,    9.1488990784
   7.0770540237 ,    9.1354675293
   6.6828446388 ,    9.1301250458
   6.2779488564 ,    9.1294221878
   5.8671607971 ,    9.1314249039
   5.4521727562 ,    9.1351823807
   5.0348072052 ,    9.1399917603
   4.6162500381 ,    9.1454095840
   4.1975975037 ,    9.1510868073
   3.7789015770 ,    9.1569032669
   3.3601534367 ,    9.1627941132
   2.9413628578 ,    9.1687250137
   2.5225391388 ,    9.1746711731
   2.1036753654 ,    9.1806030273
   1.6847360134 ,    9.1864032745
   1.2656577826 ,    9.1917676926
   0.8463740349 ,    9.1962127686
   0.4268579483 ,    9.1992340088
   7.5785040855 ,    8.7267522812
   7.1787290573 ,    8.7220325470
   6.7673616409 ,    8.7224445343
   6.3532686234 ,    8.7248945236
   5.9363269806 ,    8.7283811569
   5.5144748688 ,    8.7330970764
   5.0898237228 ,    8.7386236191
   4.6644263268 ,    8.7445802689
   4.2394247055 ,    8.7506933212
   3.8160309792 ,    8.7566394806
   3.3930182457 ,    8.7625751495
   2.9700796604 ,    8.7685203552
   2.5471363068 ,    8.7744626999
   2.1241540909 ,    8.7803621292
   1.7010918856 ,    8.7860879898
   1.2778923512 ,    8.7913608551
   0.8544991612 ,    8.7957601547
   0.4308947921 ,    8.7988224030
   0.4374677539 ,    7.9998703003
   0.4384303689 ,    7.6005077362
   0.4381918013 ,    7.2011680603
   0.4370899796 ,    6.8017845154
   0.4354298711 ,    6.4023432732
   0.4334375560 ,    6.0028533936
   0.4312605560 ,    5.6033301353
   0.4289865792 ,    5.2037854195
   0.4266640544 ,    4.8042283058
   0.4243182540 ,    4.4046645164
   0.4219616354 ,    4.0050969124
   0.4196001887 ,    3.6055281162
   0.4172366261 ,    3.2059578896
   0.4148721695 ,    2.8063874245
   0.4125073254 ,    2.4068169594
   0.4101431370 ,    2.0072462559
   0.4077929258 ,    1.6076762676
   0.4055319428 ,    1.2081093788
   0.4035643935 ,    0.8085519075
   0.4021950364 ,    0.4090123177
   0.8673120141 ,    7.9967103004
   0.8692772985 ,    7.5975914001
   0.8688910007 ,    7.1984882355
   0.8667849898 ,    6.7993154526
   0.8635460138 ,    6.4000606537
   0.8596193194 ,    6.0007390976
   0.8553026915 ,    5.6013712883
   0.8507767916 ,    5.2019753456
   0.8461439610 ,    4.8025627136
   0.8414587975 ,    4.4031419754
   0.8367488384 ,    4.0037164688
   0.8320275545 ,    3.6042883396
   0.8273011446 ,    3.2048590183
   0.8225725889 ,    2.8054294586
   0.8178430200 ,    2.4059996605
   0.8131158352 ,    2.0065698624
   0.8084268570 ,    1.6071404219
   0.8039456010 ,    1.2077133656
   0.8000864983 ,    0.8082931042
   0.7974287271 ,    0.4088861048
   1.2968513966 ,    7.9925608635
   1.2998461723 ,    7.5937957764
   1.2993679047 ,    7.1950130463
   1.2963199615 ,    6.7961206436
   1.2915561199 ,    6.3971109390
   1.2857358456 ,    5.9980082512
   1.2793068886 ,    5.5988426208
   1.2725460529 ,    5.1996393204
   1.2656129599 ,    4.8004136086
   1.2585937977 ,    4.4011764526
   1.2515333891 ,    4.0019330978
   1.2444535494 ,    3.6026864052
   1.2373650074 ,    3.2034382820
   1.2302726507 ,    2.8041896820
   1.2231786251 ,    2.4049408436
   1.2160897255 ,    2.0056920052
   1.2090703249 ,    1.6064431667
   1.2023944855 ,    1.2071959972
   1.1966884136 ,    0.8079531193
   1.1927894354 ,    0.4087192714
   1.7261893749 ,    7.9877967834
   1.7302335501 ,    7.5894536972
   1.7296971083 ,    7.1910457611
   1.7257456779 ,    6.7924776077
   1.7194917202 ,    6.3937497139
   1.7118048668 ,    5.9948987961
   1.7032825947 ,    5.5959649086
   1.6942991018 ,    5.1969809532
   1.6850730181 ,    4.7979679108
   1.6757242680 ,    4.3989391327
   1.6663155556 ,    3.9999024868
   1.6568784714 ,    3.6008615494
   1.6474283934 ,    3.2018189430
   1.6379725933 ,    2.8027756214
   1.6285140514 ,    2.4037318230
   1.6190643311 ,    2.0046877861
   1.6097197533 ,    1.6056437492
   1.6008644104 ,    1.2066006660
   1.5933361053 ,    0.8075602651
   1.5882232189 ,    0.4085254073
   2.1554009914 ,    7.9826941490
   2.1605067253 ,    7.5848007202
   2.1599321365 ,    7.1867952347
   2.1550998688 ,    6.7885766029
   2.1473770142 ,    6.3901529312
   2.1378407478 ,    5.9915723801
   2.1272375584 ,    5.5928874016
   2.1160399914 ,    5.1941380501
   2.1045262814 ,    4.7953519821
   2.0928509235 ,    4.3965463638
   2.0810956955 ,    3.9977302551
   2.0693023205 ,    3.5989089012
   2.0574913025 ,    3.2000854015
   2.0456721783 ,    2.8012604713
   2.0338494778 ,    2.4024350643
   2.0220394135 ,    2.0036094189
   2.0103726387 ,    1.6047838926
   1.9993455410 ,    1.2059588432
   1.9900088310 ,    0.8071351051
   1.9836969376 ,    0.4083147049
   2.5845379829 ,    7.9774236679
   2.5907115936 ,    7.5799851418
   2.5901098251 ,    7.1823935509
   2.5844094753 ,    6.7845363617
   2.5752303600 ,    6.3864283562
   2.5638546944 ,    5.9881291389
   2.5511789322 ,    5.5897016525
   2.5377726555 ,    5.1911959648
   2.5239744186 ,    4.7926449776
   2.5099747181 ,    4.3940701485
   2.4958744049 ,    3.9954814911
   2.4817254543 ,    3.5968871117
   2.4675538540 ,    3.1982893944
   2.4533715248 ,    2.7996902466
   2.4391846657 ,    2.4010906219
   2.4250144958 ,    2.0024905205
   2.4110269547 ,    1.6038904190
   2.3978323936 ,    1.2052905560
   2.3866944313 ,    0.8066914082
   2.3791921139 ,    0.4080940485
   3.0136332512 ,    7.9720773697
   3.0208773613 ,    7.5750913620
   3.0202538967 ,    7.1779155731
   3.0136923790 ,    6.7804250717
   3.0030636787 ,    6.3826379776
   2.9898552895 ,    5.9846248627
   2.9751110077 ,    5.5864601135
   2.9594993591 ,    5.1882023811
   2.9434196949 ,    4.7898907661
   2.9270968437 ,    4.3915500641
   2.9106521606 ,    3.9931936264
   2.8941481113 ,    3.5948290825
   2.8776159286 ,    3.1964612007
   2.8610706329 ,    2.7980914116
   2.8445198536 ,    2.3997211456
   2.8279895782 ,    2.0013501644
   2.8116819859 ,    1.6029791832
   2.7963221073 ,    1.2046082020
   2.7833862305 ,    0.8062375188
   2.7746980190 ,    0.4078678489
   3.4427032471 ,    7.9667024612
   3.4510197639 ,    7.5701622963
   3.4503781796 ,    7.1734018326
   3.4429593086 ,    6.7762789726
   3.4308850765 ,    6.3788146973
   3.4158470631 ,    5.9810905457
   3.3990373611 ,    5.5831909180
   3.3812227249 ,    5.1851830482
   3.3628625870 ,    4.7871127129
   3.3442177773 ,    4.3890085220
   3.3254289627 ,    3.9908852577
   3.3065700531 ,    3.5927534103
   3.2876777649 ,    3.1946170330
   3.2687699795 ,    2.7964782715
   3.2498548031 ,    2.3983387947
   3.2309651375 ,    2.0001988411
   3.2123374939 ,    1.6020586491
   3.1948132515 ,    1.2039183378
   3.1800811291 ,    0.8057782054
   3.1702089310 ,    0.4076386094
   3.8717522621 ,    7.9613218307
   3.8811454773 ,    7.5652217865
   3.8804893494 ,    7.1688728333
   3.8722164631 ,    6.7721176147
   3.8586990833 ,    6.3749766350
   3.8418335915 ,    5.9775419235
   3.8229603767 ,    5.5799083710
   3.8029437065 ,    5.1821517944
   3.7823038101 ,    4.7843236923
   3.7613375187 ,    4.3864560127
   3.7402052879 ,    3.9885673523
   3.7189917564 ,    3.5906686783
   3.6977396011 ,    3.1927647591
   3.6764690876 ,    2.7948579788
   3.6551899910 ,    2.3969502449
   3.6339402199 ,    1.9990420341
   3.6129932404 ,    1.6011334658
   3.5933046341 ,    1.2032247782
   3.5767769814 ,    0.8053162098
   3.5657224655 ,    0.4074077904
   4.3007779121 ,    7.9559540749
   4.3112530708 ,    7.5602836609
   4.3105878830 ,    7.1643419266
   4.3014655113 ,    6.7679500580
   4.2865080833 ,    6.3711318970
   4.2678170204 ,    5.9739866257
   4.2468814850 ,    5.5766191483
   4.2246632576 ,    5.1791143417
   4.2017445564 ,    4.7815289497
   4.1784572601 ,    4.3838987350
   4.1549816132 ,    3.9862451553
   4.1314134598 ,    3.5885801315
   4.1078014374 ,    3.1909086704
   4.0841679573 ,    2.7932343483
   4.0605249405 ,    2.3955588341
   4.0369157791 ,    1.9978826046
   4.0136489868 ,    1.6002061367
   3.9917964935 ,    1.2025294304
   3.9734735489 ,    0.8048527837
   3.9612369537 ,    0.4071762264
   4.7318687439 ,    7.9502725601
   4.7420282364 ,    7.5552501678
   4.7408890724 ,    7.1597785950
   4.7307701111 ,    6.7637672424
   4.7143282890 ,    6.3672742844
   4.6937999725 ,    5.9704189301
   4.6707983017 ,    5.5733180046
   4.6463789940 ,    5.1760644913
   4.6211814880 ,    4.7787227631
   4.5955734253 ,    4.3813304901
   4.5697555542 ,    3.9839127064
   4.5438332558 ,    3.5864818096
   4.5178613663 ,    3.1890439987
   4.4918651581 ,    2.7916030884
   4.4658579826 ,    2.3941602707
   4.4398889542 ,    1.9967172146
   4.4143033028 ,    1.5992733240
   4.3902869225 ,    1.2018294334
   4.3701696396 ,    0.8043856025
   4.3567514420 ,    0.4069417715
   5.1643214226 ,    7.9444546700
   5.1734557152 ,    7.5501074791
   5.1714468002 ,    7.1551122665
   5.1601490974 ,    6.7594757080
   5.1421499252 ,    6.3633022308
   5.1197576523 ,    5.9667339325
   5.0946836472 ,    5.5699014664
   5.0680613518 ,    5.1729040146
   5.0405864716 ,    4.7758111954
   5.0126600266 ,    4.3786644936
   4.9845013618 ,    3.9814896584
   4.9562273026 ,    3.5842998028
   4.9278974533 ,    3.1871030331
   4.8995409012 ,    2.7899026871
   4.8711724281 ,    2.3927001953
   4.8428463936 ,    1.9954972267
   4.8149433136 ,    1.5982936621
   4.7887659073 ,    1.2010900974
   4.7668561935 ,    0.8038864732
   4.7522583008 ,    0.4066861272
   5.5966854095 ,    7.9385948181
   5.6048774719 ,    7.5446567535
   5.6019434929 ,    7.1499648094
   5.5894041061 ,    6.7546043396
   5.5698089600 ,    6.3587069511
   5.5455369949 ,    5.9624190331
   5.5183887482 ,    5.5658698082
   5.4895701408 ,    5.1691570282
   5.4598274231 ,    4.7723479271
   5.4295930862 ,    4.3754844666
   5.3991060257 ,    3.9785914421
   5.3684921265 ,    3.5816836357
   5.3378167152 ,    3.1847681999
   5.3071126938 ,    2.7878487110
   5.2763948441 ,    2.3909273148
   5.2457232475 ,    1.9940053225
   5.2155151367 ,    1.5970828533
   5.1871881485 ,    1.2001601458
   5.1634984016 ,    0.8032420874
   5.1457581520 ,    0.4063450694
   6.0272817612 ,    7.9322772026
   6.0353307724 ,    7.5379314423
   6.0317525864 ,    7.1430225372
   6.0180349350 ,    6.7476677895
   5.9968509674 ,    6.3519506454
   5.9707059860 ,    5.9559574127
   5.9415016174 ,    5.5597677231
   5.9105153084 ,    5.1634483337
   5.8785395622 ,    4.7670488358
   5.8460354805 ,    4.3706021309
   5.8132591248 ,    3.9741296768
   5.7803459167 ,    3.5776429176
   5.7473654747 ,    3.1811490059
   5.7143535614 ,    2.7846512794
   5.6813268661 ,    2.3881518841
   5.6483507156 ,    1.9916515350
   5.6158790588 ,    1.5951508284
   5.5854439735 ,    1.1986551285
   5.5593867302 ,    0.8021844625
   5.5380249023 ,    0.4057796001
   6.4545569420 ,    7.9241199493
   6.4641404152 ,    7.5274958611
   6.4602394104 ,    7.1313419342
   6.4453401566 ,    6.7355365753
   6.4225273132 ,    6.3399076462
   6.3945045471 ,    5.9443254471
   6.3632783890 ,    5.5487265587
   6.3301863670 ,    5.1530909538
   6.2960562706 ,    4.7574200630
   6.2613701820 ,    4.3617238998
   6.2263956070 ,    3.9660110474
   6.1912775040 ,    3.5702877045
   6.1560878754 ,    3.1745586395
   6.1208639145 ,    2.7788269520
   6.0856246948 ,    2.3830938339
   6.0504398346 ,    1.9873598814
   6.0158009529 ,    1.5916297436
   5.9832620621 ,    1.1959226131
   5.9548330307 ,    0.8002823591
   5.9302768707 ,    0.4047789872
   6.8819060326 ,    7.9105925560
   6.8921995163 ,    7.5090236664
   6.8872804642 ,    7.1102447510
   6.8707146645 ,    6.7135324478
   6.8460111618 ,    6.3180670738
   6.8160233498 ,    5.9232563972
   6.7828021049 ,    5.5287523270
   6.7476987839 ,    5.1343736649
   6.7115449905 ,    4.7400398254
   6.6748275757 ,    4.3457169533
   6.6378164291 ,    3.9513943195
   6.6006579399 ,    3.5570693016
   6.5634260178 ,    3.1627435684
   6.5261597633 ,    2.7684183121
   6.4888763428 ,    2.3740892410
   6.4516558647 ,    1.9797635078
   6.4150247574 ,    1.5854520798
   6.3806204796 ,    1.1911909580
   6.3502922058 ,    0.7970474362
   6.3237252235 ,    0.4031152725
   7.3136353493 ,    7.8870391846
   7.3211011887 ,    7.4768705368
   7.3132057190 ,    7.0742073059
   7.2938728333 ,    6.6765508652
   7.2667303085 ,    6.2817654610
   7.2345700264 ,    5.8884787560
   7.1993474960 ,    5.4959201813
   7.1623396873 ,    5.1036944389
   7.1243314743 ,    4.7116112709
   7.0857839584 ,    4.3195858002
   7.0469541550 ,    3.9275846481
   7.0079827309 ,    3.5355989933
   6.9689435959 ,    3.1436338425
   6.9298744202 ,    2.7516796589
   6.8907966614 ,    2.3597245216
   6.8517932892 ,    1.9677503109
   6.8134965897 ,    1.5757929087
   6.7775535583 ,    1.1838952303
   6.7454614639 ,    0.7921425104
   6.7171177864 ,    0.4006425142
   7.7491793633 ,    7.8464508057
   7.7517614365 ,    7.4248743057
   7.7384214401 ,    7.0184025764
   7.7148694992 ,    6.6207637787
   7.6845698357 ,    6.2278528214
   7.6499519348 ,    5.8372917175
   7.6126885414 ,    5.4478483200
   7.5738754272 ,    5.0589160919
   7.5341882706 ,    4.6702122688
   7.4940280914 ,    4.2816123962
   7.4536218643 ,    3.8930737972
   7.4130992889 ,    3.5046060085
   7.3725337982 ,    3.1162328720
   7.3319702148 ,    2.7279469967
   7.2914242744 ,    2.3396039009
   7.2510309219 ,    1.9511519670
   7.2114686966 ,    1.5625956059
   7.1741194725 ,    1.1740518808
   7.1400575638 ,    0.7856115103
   7.1108355522 ,    0.3973985016
  13.2770423889 ,    6.8342461586
   9.8495502472 ,    7.0177354813
  10.2395267487 ,    7.0199413300
  10.6290626526 ,    7.0288352966
  11.0178976059 ,    7.0381178856
  11.4044589996 ,    7.0423984528
  11.7853507996 ,    7.0370883942
  12.1547546387 ,    7.0186786652
  12.5064840317 ,    6.9890437126
  12.8223142624 ,    6.9378318787
  13.0910720825 ,    6.8808956146
  13.4064645767 ,    6.9750318527
  13.6136522293 ,    7.1879215240
  13.1638078690 ,    0.3881905377
  13.1765604019 ,    0.7673719525
  13.1941280365 ,    1.1470348835
  13.2146472931 ,    1.5271170139
  13.2366638184 ,    1.9074741602
  13.2597866058 ,    2.2874388695
  13.2857112885 ,    2.6649370193
  13.3212118149 ,    3.0340394974
  13.3510074615 ,    3.4061689377
  13.3791179657 ,    3.7804832458
  13.4094209671 ,    4.1508221626
  13.4310922623 ,    4.5316839218
  13.4293842316 ,    4.9270272255
  13.4286537170 ,    5.3099479675
  13.4369087219 ,    5.6737504005
  13.4088497162 ,    6.0299715996
  13.3837633133 ,    6.3558807373
  13.3305664062 ,    6.6385531425
  13.3323745728 ,    7.4193229675
  13.0029735565 ,    7.5775456429
  12.6445150375 ,    7.6722879410
  12.2663049698 ,    7.7149786949
  11.8765077591 ,    7.7278833389
  11.4845790863 ,    7.7304182053
  11.0926284790 ,    7.7290053368
  10.7019929886 ,    7.7264504433
  10.3135032654 ,    7.7249894142
   9.9260129929 ,    7.7255625725
  13.1814002991 ,    7.1298985481
  12.8929815292 ,    7.2412233353
  12.5626735687 ,    7.3163795471
  12.2035694122 ,    7.3582038879
  11.8278160095 ,    7.3778595924
  11.4435729980 ,    7.3839554787
  11.0555191040 ,    7.3823838234
  10.6663627625 ,    7.3777642250
  10.2773714066 ,    7.3748831749
   9.8887062073 ,    7.3787174225
   9.8082828522 ,    6.6520318985
   9.7671318054 ,    6.2836632729
   9.7270011902 ,    5.9047622681
   9.6854391098 ,    5.5314397812
   9.6427955627 ,    5.1624994278
   9.5994987488 ,    4.7944831848
   9.5557384491 ,    4.4265685081
   9.5116558075 ,    4.0586137772
   9.4673738480 ,    3.6906943321
   9.4230270386 ,    3.3231396675
   9.3788414001 ,    2.9569258690
   9.3353939056 ,    2.5950765610
   9.2922973633 ,    2.2312486172
   9.2499732971 ,    1.8660916090
   9.2078924179 ,    1.4972783327
   9.1679267883 ,    1.1263267994
   9.1337337494 ,    0.7544317842
   9.1103563309 ,    0.3821136951
  10.1999320984 ,    6.6597585678
  10.1608524323 ,    6.2953786850
  10.1221084595 ,    5.9262971878
  10.0826311111 ,    5.5567016602
  10.0420761108 ,    5.1875243187
  10.0004920959 ,    4.8183012009
   9.9580574036 ,    4.4488472939
   9.9149961472 ,    4.0791978836
   9.8715238571 ,    3.7094945908
   9.8278446198 ,    3.3400437832
   9.7841682434 ,    2.9713644981
   9.7407169342 ,    2.6039650440
   9.6974582672 ,    2.2361724377
   9.6545114517 ,    1.8675509691
   9.6121997833 ,    1.4974600077
   9.5724468231 ,    1.1262400150
   9.5391006470 ,    0.7543576956
   9.5169868469 ,    0.3820850849
  10.5906991959 ,    6.6729550362
  10.5535411835 ,    6.3120222092
  10.5168504715 ,    5.9468350410
  10.4795513153 ,    5.5791454315
  10.4410247803 ,    5.2100286484
  10.4011383057 ,    4.8399496078
  10.3600502014 ,    4.4692058563
  10.3180437088 ,    4.0980424881
  10.2754106522 ,    3.7266771793
  10.2324113846 ,    3.3553581238
  10.1892604828 ,    2.9843468666
  10.1461153030 ,    2.6137404442
  10.1030321121 ,    2.2430496216
  10.0601158142 ,    1.8719723225
  10.0179328918 ,    1.5002757311
   9.9785079956 ,    1.1280295849
   9.9457235336 ,    0.7554091215
   9.9241733551 ,    0.3825467825
  10.9803190231 ,    6.6852707863
  10.9449310303 ,    6.3269720078
  10.9104423523 ,    5.9639687538
  10.8754205704 ,    5.5974326134
  10.8389797211 ,    5.2284412384
  10.8008518219 ,    4.8577976227
  10.7611827850 ,    4.4860811234
  10.7203063965 ,    4.1137075424
  10.6785888672 ,    3.7409737110
  10.6363487244 ,    3.3681139946
  10.5938310623 ,    2.9953041077
  10.5512008667 ,    2.6226005554
  10.5085496902 ,    2.2498645782
  10.4660072327 ,    1.8769598007
  10.4242162704 ,    1.5037958622
  10.3852481842 ,    1.1303921938
  10.3529605865 ,    0.7568288445
  10.3317918777 ,    0.3831826746
  11.3670940399 ,    6.6918282509
  11.3333301544 ,    6.3359203339
  11.3011636734 ,    5.9748764038
  11.2686223984 ,    5.6095471382
  11.2344799042 ,    5.2409973145
  11.1983156204 ,    4.8702092171
  11.1602573395 ,    4.4979600906
  11.1206941605 ,    4.1248106956
  11.0800676346 ,    3.7511448860
  11.0387649536 ,    3.3772201538
  10.9970750809 ,    3.0032029152
  10.9551935196 ,    2.6291670799
  10.9132366180 ,    2.2550950050
  10.8713569641 ,    1.8809461594
  10.8302240372 ,    1.5066982508
  10.7919168472 ,    1.1323764324
  10.7602386475 ,    0.7580374479
  10.7394847870 ,    0.3837353289
  11.7474575043 ,    6.6891298294
  11.7153387070 ,    6.3364057541
  11.6858911514 ,    5.9780907631
  11.6563463211 ,    5.6146430969
  11.6250209808 ,    5.2471313477
  11.5912904739 ,    4.8767318726
  11.5552492142 ,    4.5044531822
  11.5173692703 ,    4.1310052872
  11.4781780243 ,    3.7568886280
  11.4381465912 ,    3.3824062347
  11.3976278305 ,    3.0077393055
  11.3568544388 ,    2.6329843998
  11.3159713745 ,    2.2581768036
  11.2751426697 ,    1.8833277225
  11.2350521088 ,    1.5084545612
  11.1977586746 ,    1.1335963011
  11.1669750214 ,    0.7588017583
  11.1468248367 ,    0.3841036260
  12.1157617569 ,    6.6759791374
  12.0859556198 ,    6.3288602829
  12.0603246689 ,    5.9750037193
  12.0349426270 ,    5.6144971848
  12.0080881119 ,    5.2485628128
  11.9774913788 ,    4.8789906502
  11.9439172745 ,    4.5070657730
  11.9081478119 ,    4.1337051392
  11.8708419800 ,    3.7595345974
  11.8325662613 ,    3.3848974705
  11.7937240601 ,    3.0100057125
  11.7546005249 ,    2.6349563599
  11.7153606415 ,    2.2598137856
  11.6761741638 ,    1.8846287727
  11.6377191544 ,    1.5094493628
  11.6020069122 ,    1.1343270540
  11.5726156235 ,    0.7593015432
  11.5534124374 ,    0.3843761683
  12.4684381485 ,    6.6587009430
  12.4409942627 ,    6.3184180260
  12.4210615158 ,    5.9705114365
  12.4029388428 ,    5.6134824753
  12.3810825348 ,    5.2493190765
  12.3546619415 ,    4.8804235458
  12.3242835999 ,    4.5089063644
  12.2912254333 ,    4.1357231140
  12.2563362122 ,    3.7616910934
  12.2203445435 ,    3.3871512413
  12.1837625504 ,    3.0122799873
  12.1469030380 ,    2.6371676922
  12.1100244522 ,    2.2618143559
  12.0732793808 ,    1.8863302469
  12.0372982025 ,    1.5108258724
  12.0040187836 ,    1.1353840828
  11.9767465591 ,    0.7600461245
  11.9589376450 ,    0.3847880065
  12.7884855270 ,    6.6318378448
  12.7788085938 ,    6.3114743233
  12.7715663910 ,    5.9721655846
  12.7577266693 ,    5.6186990738
  12.7421321869 ,    5.2553548813
  12.7271957397 ,    4.8844957352
  12.6973400116 ,    4.5131301880
  12.6668434143 ,    4.1396465302
  12.6345243454 ,    3.7657794952
  12.6011581421 ,    3.3914422989
  12.5671463013 ,    3.0168621540
  12.5328083038 ,    2.6419873238
  12.4989385605 ,    2.2663648129
  12.4655752182 ,    1.8902533054
  12.4331769943 ,    1.5139813423
  12.4034252167 ,    1.1377459764
  12.3791084290 ,    0.7616258860
  12.3631248474 ,    0.3855969906
  13.0750150681 ,    6.6173090935
  13.0852060318 ,    6.3176670074
  13.0926036835 ,    5.9887795448
  13.0967960358 ,    5.6376605034
  13.0891513824 ,    5.2742481232
  13.0780410767 ,    4.9015436172
  13.0616350174 ,    4.5228452682
  13.0369567871 ,    4.1462125778
  13.0074062347 ,    3.7724671364
  12.9767322540 ,    3.3983731270
  12.9450197220 ,    3.0246484280
  12.9120426178 ,    2.6511504650
  12.8815193176 ,    2.2751648426
  12.8526229858 ,    1.8977638483
  12.8251132965 ,    1.5198953152
  12.8000507355 ,    1.1420395374
  12.7794742584 ,    0.7643778920
  12.7656183243 ,    0.3869163096
  13.5617179871 ,    0.3906383216
  13.9565734863 ,    0.3925909400
  13.5707216263 ,    0.7725186348
  13.9612989426 ,    0.7770362496
  13.5828437805 ,    1.1553859711
  13.9678182602 ,    1.1633759737
  13.5967464447 ,    1.5389655828
  13.9748191833 ,    1.5507167578
  13.6115837097 ,    1.9230470657
  13.9819202423 ,    1.9390273094
  13.6273374557 ,    2.3068721294
  13.9898109436 ,    2.3269083500
  13.6448726654 ,    2.6894326210
  13.9988069534 ,    2.7143030167
  13.6655216217 ,    3.0698437691
  14.0089836121 ,    3.1027977467
  13.6856060028 ,    3.4514281750
  14.0196857452 ,    3.4933466911
  13.7047319412 ,    3.8340308666
  14.0299768448 ,    3.8863854408
  13.7232952118 ,    4.2168774605
  14.0347356796 ,    4.2674641609
  13.7377109528 ,    4.5997200012
  14.0418205261 ,    4.6615986824
  13.7419176102 ,    4.9897432327
  14.0450277328 ,    5.0421524048
  13.7387886047 ,    5.3708114624
  14.0449810028 ,    5.4260573387
  13.7323226929 ,    5.7416200638
  14.0404405594 ,    5.8068103790
  13.7020759583 ,    6.1012973785
  14.0143651962 ,    6.1835446358
  13.6469154358 ,    6.4376411438
  13.9482164383 ,    6.5444946289
  13.5527019501 ,    6.7393870354
  13.8205976486 ,    6.8845238686